3 3 3 23
# AlphaTensor Algorithm 3,3,3 R=23 - 13
 0  1  0  0  0  0  0  1  0  0  0  1  1  1  0  0  0  0  0  1  0  0  0
 0  0  0  1  1  0  0  0  1  0  0 -1  0  0  1  0  0  0  0  0  1  0  0
 0  0  0  0  0  0  0  0 -1  0  0  0  1  0  0  0  0  0  0  0  0  1  0
 0  0  0  0  0  0  0  0  0  0  0  0  0  0  0  0  1  1  0  0 -1  0  1
 0  0  1  0  1  1  0  0  1  0  0  0  0  0  1  1  1  0  1  0  1  0  0
 0  0 -1  0 -1 -1  0  0 -1  0  0  0  0  0  0 -1  0  0  0  0  0  0  1
 0 -1  0  0  0  0  0 -1  0  1  1 -1 -1  0  0  0 -1  2  0 -1  0  0  2
 1  1 -1  0  0 -1  0  0  0 -1  0  1  0  0  0  0 -1  0 -1  0  0  0  0
 0  0  0  0  0  1  1 -1  0  0  1  0 -1  0  0  0  0  2  0  0  0  0  2
#
 0  0  0  0  0  0  1  1  0  0  1  0  0  0  0  0  0  1  0  1  0  0  0
 1  1  0  0  0  0  0  0  0  1  0  0  0  0  0  0  1  0  1 -1  0  0  0
 0  0  0  0  0  0  0  0  0  0  0  0  0  1  1  0  0  0  0 -1  1  0  0
-1 -2  1  1  1  0  0  0  0  0  0  2  0  0  0  1  0 -1  0  2  0  0  1
 1  1  0  0  0  0  0  0  0  0  0 -1  0  0  0  0  0  0 -1 -1  0  0  0
 0  1  0 -1  0  0  0  0  0  0  0 -1  0  0  1  0  0  0  0 -1  0  0  0
 0  0  0  0  0  0 -1 -1  0  0  0  0  1  0  0  0  0 -1  0 -1  0  0  1
 0  0  1  0  0  1  1  0  0  0  0  0  0  0  0  0  0  0 -1  0  0  1  0
 0  0  0  0  1  0  0  1  1  0  0  0 -1  0  1  0  0  0  0  1  0 -1  0
#
 0  0  0  0  1  0  0  1 -1  0  1  0  1  0  0 -1  0  0  0  0  0  0  0
 0  1  0  1  1  0  0  0 -1  1  0  1  0  0  0 -1  0  0  0  0  0  1  0
 0  0  0 -1  1  0  0  0 -1  0  0  0  0  1  0 -1  0  0  0  0  0  0  0
 0  0  0  0  0  0  0  0  0  0 -2  0  0  0  0  1  0  1  0  0  0  0  1
 1  0 -1  0  0  0  0  0  0  1  0  0  0  0  0  1  1  0 -1  0  0  0  0
 0  0  0  1 -1  0  0  0  0  0  0  0  0  0  1  1  0  0  0  0 -1  0  0
 0  0 -1  0  0  1 -1  0  0  0  1  0  0  0  0  1  0  0  0  0  0  0  0
 1  0 -1  0  0  1  0  0  0  1  0  0  0  0  0  1  0  0  0  0  0  0  0
-1  1 -1  0  0  1 -1 -1  0  0  0  0  0  1  0  1  0  0  0  1  0  0  0