4 4 4 49
# AlphaTensor Algorithm 4,4,4 R=49 - 20
 1  1  0  0  0  1  0  0  1  0  0  0  0  1  0  0  0  0  0  0  0  0  0  0  0  0  0  0  0  0  1  0  0  0  0  0  0  0  0  0  0  0  0  0  0  0  0  0  0
 0  0  0  0  0  0  0  0  0  0  0  0  0 -1 -1  1  1  1  0  1  0  1  1  0  1  0  0  0  0  0 -1  0  0  0  0  0 -1  0  0  0  0  0  0  1  0  0  0  0  0
 0 -1 -1  0  0 -1  0  0 -1  0  0  0  0  0  0  0  0  0  0  0  0  0  0  0  0  0  0  0  0  1 -1  0  0  0  1  0  0  0 -1  0  0  0  0  0  0  0  0  0  0
 0  0  0  0  0  0  0  0  0  0  0  0  0  0 -1  1  1  0  1  1  0  1  1  1  1  0  0  0  1  1 -1  0  1  1  1  0  0  0 -1  0  0  0  0  0  0  0  0  0  0
 0  0  0  0  0  0 -1 -1  0 -1  0 -1  0  1  0 -1 -1 -1  0 -1  0  0  0  0  0  0  0  0  0  0  1  0  0  0  0  0  0  0  0  0 -1 -1 -1  0 -1  0  0  0  0
 0  0  0  0  0  0  1  1  0  1  0  1  0 -1  0  1  1  1  0  1  0  1  1  0  1  0  0  0  0  0 -1  0  0  0  0  0  0  0  0  0  0  0  0  1  0  0  0  0  0
 0  0  0  0  0  0 -1 -1  0  0  0 -1 -1  0  0  1  1  0  1  1  0  0  0  0  0  0  0  0  0  1 -1  0  0  0  1  0  0  0 -1  0  0  0  0  0  1  0  0  0 -1
 0  0  0  0  0  0 -1 -1  0  0  0 -1 -1  0  0  1  1  0  1  1  0  1  1  1  1  0  0  0  0  1 -1  0  0  0  1  0  0  0 -1  0  0  0  0  0  0  0  0  0  0
 1  1  0  0 -1  1  0  0  0  0  0  0  0  0  0  0  0  0  0  0  0  0  0  0  0  0  0  0  0  0  1  0  0  0 -1 -1  0  0  0  0  0  0  0  0  0 -1  0  0  0
 0  0  0  0  0  0  0  0  0  0  0  0  0  0  0  0  1  1  0  1  1  0  1  0  1  1  0  0  0  0 -1  0  0 -1  1  1 -1  1  0  1  0  0  0  1  0  1  0  0  0
 0  0  0 -1  0 -1  0  0  0  0  0  0  0  0  0  0  0  0  0  0  0  0  0  0  0  0  0  0  0  1 -1  0  0  0  1  1  0  0  0  0  0  0  0  0  0  0  0  0  0
 0  0  0  0  0  0  0  0  0  0  0  0  0  0  0  0  0  0  0  1  0  0  0  0  1  0  1  1  1  1 -1  0  0  0  1  1  0  1  0  0  0  0  0  0  0  0  0  0  0
 0  0  0  0  0  0  0 -1  0 -1  1 -1  0  0  0  0  1  1  0  1  1  0  0  0  0  0  0  0  0  0 -1  0  0  0  1  1  0  0  0  0  0  1  1  0  1  1  1  0  0
 0  0  0  0  0  0  0  1  0  1 -1  1  0  0  0  0 -1 -1  0 -1 -1  0 -1  0 -1 -1  0  0  0  0  1  0  0  0 -1 -1  0  0  0  0  0  0  0 -1  0 -1  0  0  0
 0  0  0  0  0  0  0  0  0  0  0 -1  0  0  0  0  0  0  0 -1  0  0  0  0  0  0  0 -1  0 -1  1 -1  0  0 -1 -1  0  0  0  0  0  0 -1  0 -1  0 -1 -1  0
 0  0  0  0  0  0  0  0  0  0  0 -1  0  0  0  0  0  0  0 -1  0  0  0  0 -1  0 -1 -1  0 -1  1  0  0  0 -1 -1  0  0  0  0  0  0  0  0  0  0  0 -1  0
#
 1  1  1  0  0  0  0  0  1  0  0  0  0  0  0  0  0  0  0  0  0  0  0  0  0  0  0  0  0  0  0  0  0  0  0  0  0  0  0  0  1  1  0  0  0  0  0  0  0
 0  0  0  0  0  0  0  0  0  0  0  0  0 -1  0  1  1  1  1  0  0  1  1  1  0  0  0  0  0  0  0  0  0  0  0  0  0  0  0  0 -1 -1  0  1  0 -1  0  0  0
 0 -1 -1  0 -1  0  0  0 -1  0  0  0  0  0  0  0  0  0  0  0  0  0  0  0  0  0  0  0  0  0  0  1  0  0  0  0  0  0  0  0  0 -1  1  0  0  0 -1  0  0
 0  0  0  0  0  0  0  0  0  0  0  0  0 -1  0  1  1  0  1  0  1  1  1  1  0  1  0  0  0  1  1  1  0  0  1  0  0  0  0  0  0 -1  1  0  0  0 -1  0  0
 0  0  0  0  0  0 -1 -1  0 -1  0  0 -1  0 -1 -1 -1 -1 -1  0  0  0  0  0  0  0  0  0  0  0  0  0 -1 -1  0  0  0  0  0 -1  1  1  0  0  0  0  0  0  0
 0  0  0  0  0  0  1  1  0  1  0  0  1  0  0  1  1  1  1  0  0  1  1  1  0  0  0  0  0  0  0  0  0  0  0  0  0  0  0  0 -1 -1  0  1  0  0  0  0  0
 0  0  0  0  0  0 -1 -1  0  0 -1  0 -1  0  0  1  1  0  1  0  1  0  0  0  0  0  0  0  0  0  0  1  0  0  0  0 -1  0  0  1  0 -1  1  0  0  0 -1  0  0
 0  0  0  0  0  0 -1 -1  0  0 -1  0 -1  0  0  1  1  0  1  0  1  1  1  1  0  1  0  0  0  0  0  1  0  0  0  0  0  0  0  0  0 -1  1  0  0  0 -1  0  0
 1  1  1  0  0 -1  0  0  0  0  0  0  0  0  0  0  0  0  0  0  0  0  0  0  0  0  0  0  0  0  0  0  0  0  0  0  0  0  0  0  0  1 -1  0 -1  0  0  0 -1
 0  0  0  0  0  0  0  0  0  0  0  0  0  0  0  0  1  1  1  1  0  0  1  1  1  0  0  0  0  0  0  0  0  0 -1  1  0  0  1  0  0 -1  1  1  1 -1  0  0  1
 0  0 -1 -1  0  0  0  0  0  0  0  0  0  0  0  0  0  0  0  0  0  0  0  0  0  0  0  0  0  0  0  1  0  0  0  0  0  0  0  0  0 -1  1  0  1  0  0  0  0
 0  0  0  0  0  0  0  0  0  0  0  0  0  0  0  0  0  0  1  0  0  0  0  1  0  0  1  1  0  1  0  1  0  0  0  0  0  0  1  0  0 -1  1  0  1  0  0  0  0
 0  0  0  0  0  0  0 -1  0 -1  0  1 -1  0  0  0  1  1  1  1  0  0  0  0  0  0  0  0  0  0  0  0  1  1  0  0  0  1  0  1  0 -1  1  0  1  0  0  0  1
 0  0  0  0  0  0  0  1  0  1  0 -1  1  0  0  0 -1 -1 -1 -1  0  0 -1 -1 -1  0  0  0  0  0  0  0  0  0  0  0  0  0  0  0  0  1 -1 -1 -1  0  0  0 -1
 0  0  0  0  0  0  0  0  0  0  0  0 -1  0  0  0  0  0 -1  0  0  0  0  0  0  0  0 -1 -1  0  0 -1  0 -1  0  0  0 -1  0 -1  0  1 -1  0 -1  0  0 -1  0
 0  0  0  0  0  0  0  0  0  0  0  0 -1  0  0  0  0  0 -1  0  0  0  0 -1  0  0 -1 -1  0  0  0 -1  0  0  0  0  0  0  0  0  0  1 -1  0 -1  0  0 -1  0
#
 1 -1  0  0 -1  0  0  0  1  0  0  0  0  0  1  0  0  0  0  0  0  0  0  0  0  0  0  0  0  0  0  0  1  0  0  0  0  0  0  0  0  0  0  0  0  0  0  0  0
 0  0  0  0  0  0 -1  1  0 -1  1  0  0 -1  1  1 -1  1  0  0  1  0  0  0  0  0  0  0  0  0 -1  0  1  0 -1 -1  0  0  0  0  0  0  0  0  0  0  0  0  0
 1 -1  1  0 -1  0  0  0  0  0  0  0  0  0  0  0  0  0  0  0  0  0  0  0  0  0  0  0  0  0  0  0  1 -1  0  0  1  0  0 -1  0  0  0  0  0  0  0  0  0
 0  0  0  0  0  0  0  1  0 -1  1  0 -1  0  0  0  1 -1 -1  0 -1  0  0  0  0  0  0  0  0  0  1  0 -1  1  1  1 -1  0 -1  1  0  0  0  0  0  0  0  0  0
 0  0  0  0  0  0  0  0  0  0  0  0  0  0 -1 -1  1 -1  0  0 -1  1 -1  0  0  1  0  0  0  0  0  0 -1  0  0  0  0  0  0  0 -1  0  0  1  0  0  0  0  1
 0  0  0  0  0  0  1 -1  0  1 -1  0  0  0 -1 -1  1 -1  0  0 -1  1 -1  0  0  1  0  0  0  0  0  0 -1  0  0  0  0  0  0  0  0  0  0  1  0  0  0  0  0
 0  0  0  0  0  0  0  0  0  0  0  0  0  0  0  0  1 -1 -1  0 -1  0 -1  1  0  1  0  0  0  0  0  0 -1  1  0  0 -1  0  0  1  0  0 -1  1  1  0 -1  0  1
 0  0  0  0  0  0  0 -1  0  1 -1  0  1  0  0  0 -1  1  1  0  1  0  1 -1  0 -1  0  0  0  0  0  0  1 -1  0  0  1  0  0 -1  0  0  0 -1  0  0  0  0  0
 0  1  0  0  1  1  0  0 -1  0  0  0  0  0  0  0  0  0  0  0  0  0  0  0  0  0  0  0 -1  0  0  0 -1  1  0  0  0  1  0  0  0  0  0  0  0  0  0  0  0
 0  0  0  0  0  0 -1  1  0  0  1  1  0  0  0 -1  1  0  0 -1 -1  0  0  0  0  0  0  0 -1  0  0  0 -1  1  0  1  0  1  0  0  0  0  0  0  0  1  0  0  0
 0  0  0  1  1  0  0  0  0  0  0  0  0  0  0  0  0  0  0  0  0  0  0  0  0  0  0  0 -1  0  0  0 -1  1  0  0  0  0  0  1  0  0  0  0  0  0  0  0  0
 0  0  0  0  0  0  0  0  0  0  1  0  0  0  0  0  0  0  0  0  1  0  0  0  0  0  0 -1  1  1  0  0  1 -1 -1 -1  0  0  1 -1  0  0  0  0  0  0  0  1  0
 0  0  0  0  0  0  0  0  0  0  0  0  0  0  0 -1  1  0  0 -1 -1  1 -1  0  1  1  0  0 -1  0  0 -1 -1  1  0  0  0  1  0  0 -1  1  1  0  0  0  0  0  0
 0  0  0  0  0  0 -1  1  0  0  1  1  0  0  0 -1  1  0  0 -1 -1  1 -1  0  1  1  0  0 -1  0  0  0 -1  1  0  0  0  1  0  0  0  0  0  0  0  0  0  0  0
 0  0  0  0  0  0  0  0  0  0  0  0  0  0  0  0  0  0  0  0 -1  0  0  0  0  1 -1  1 -1  0  0 -1 -1  1  0  0  0  0  0  1  0  0  0  0  0  0 -1  0  0
 0  0  0  0  0  0  0  0  0  0  1  0  0  0  0  0  0  0  0  0  1  0  0  0  0 -1  1 -1  1  0  0  0  1 -1  0  0  0  0  0 -1  0  0  0  0  0  0  0  1  0
